3
1
2
3


2
2
1 3
2 3


0 0
4 6
3
DDD


3
5
3
10



9
4
-4 -4 -2 -1 0 1 2 2 4

10
2
-4 -4 -4 -2 -1 0 1 2 2 4


9
0
-4 -4 -2 -1 0 1 2 2 4

10
0
-4 -4 -2 -1 0 1 2 2 4 4

9
0
-4 -4 -2 -1 0 1 2 2 4


13
0
-9 -8 -3 0 0 0 1 2 3 4 5 6 7


13
0
-9 -9 -3 0 0 0 1 2 3 4 5 7 7

13
0
-9 -8 -3 0 0 1 1 2 3 4 5 6 7


-4,-4,-2,-1,0, 1, 2, 2, 4




7
3
1 1 1
4
2 3 3 3
5
1 2 3 4 2
3
3 1 2
4
4 9 13 13
5
20 1 20 1 9
10
6 7 8 9 10 1 2 3 4 5


5 3
1 4 2 6 8



4 9
1 3 5 3

5 3
1 1 1 1 1


e
2 1 2
9 2
10 10


2 1 2
10 10
9 222222222

5 1 1
10 9
4 5
33 11
58 44
3 1



10 2 1
442 98
798 549
666 940
549 996
620 982
310 237
762 670
790 510
764 312
586 967

输出9005


10 2 1
442 98333333333333
798 549
666 940
549 996
620 982
310 237
762 670
790 510
764 312
586 967


17 14 14
7 10
6 15
7 12
16 10
17 19
10 14
10 1
13 18
8 17
9 10
13 1
11 1
7 8
12 5
11 5
14 15
9 20

输出278740


1
2
1 1
2 3
3
1 100
3 150
5 170
4
1 20 100 170


1
2
1 1
2 3
4
1 1
5 3
3 150
5 170
5
1 3 100 150 170


1
2
1 1
2 3
3
1 100
3 150
5 170
4
1 20 100 170















2
2
1 1
2 3
3
1 100
3 150
5 170
4
1 20 100 170
2
1 1
2 3
4
1 1
5 3
3 150
5 170
5
1 3 100 150 170


1
1
1 1
1
1 1
4
1 2 3 4


1
10 2
0 6 5 1 2 3 4 8 7 9
6 4 7 9
0 8 6 5



E
2
1 5
2 99



2
1 6
2 44



2
25
12345HHHr9Ir000LLLLL876Ix
20
r60xxxxHx4xHH3III1I2


1
25
12345HHHr9Ir000LLLLL876Ix

1
20
r60xxxxHx4xHH3III1I2




2
5 2
2 2 2 2 2
10 10
100000000 1 2 3 4 5 6 7 8 9

1
10 10
100000000 1 2 3 4 5 6 7 8 9


1
8 1
1 2 3 4 5 6 7 8



7
E 1
E 2
E 3
A
D
E 1
A


7
1
(
2
()
2
{]
6
[(){}]
4
(])[
8
[[{{}}]]
6
[][{]]



‭1000 0001 1010 1001 0000 0100 1110 0000
0111 1110 0101 0110 1111 1011 0001 1111‬

‭0000 0000 1101 1001 1101 0001 0001 0100‬
1111 1111 0010 0110 0010 1110 1110 1011

‭1000 0001 1010 1001 0000 0100 1110 0000‬
1111 1110 0101 0110 1111 1011 0001 1111

5
121 123 122 13 12 12 52 2 6 7 32 7 324 34 124 213 214 1412 -1







123
0
122
78
122
78
122
90

286
90
286
90
286
1178


1
5
1 3 4 2 5


2
5
5 2 4 3 1
5
2 1 4 3 5

1
5
5 2 4 3 1

1
5
2 1 4 3 5


1 
10
4 5 10 9 3 6 1 2 8 7
Case 1:
0 0
10（应该是1） 0
9（应该是2） 4
0 9
0 0
5 8
0 0
7 0
6 10
0 0


1
8 
7 5 3 6 2 1 4 8
Case 1:
0 4
0 3
0 0
2 7
0 6
0 0
5 0
8（应该是1） 0


2
10
4 5 10 9 3 6 1 2 8 7
8 
7 5 3 6 2 1 4 8



4
7 10
aba*aba
abazzzzaba
7 10
*abaaba
zzzzabaaba
7 10
abaaba*
abaabazzzz
7 6
aba*aba
abaaba

质数211 223 227 229 233 239 241 251 257 263 269 271 277 281 283 293
B.Tang
B.Tarjan


B.Tarjan
B.Tang

B.Tan
B.Tar


3
lanranwudi 
lanranwudi 
aaa
bbcc
lanranwudi
ssslanrani

abaac
abababbbaba

12345
123412345123456


2
5 2
10 3

6
2 3
3 3
4 3
5 3
6 3
7 3


9
14 3
15 3
16 3
17 3
18 3
19 3
20 3
21 3
22 3




3
4
1 2
2 3
2 4
1 0 0 2
5
1 2
2 3
3 4
4 5
2 0 0 0 1
3
1 2
2 3
1 2 1


3
4
1 2 3 4
3 1
3 4
3 2
3
2 1 3
2 1 
2 3
3
2 1 3
3 1
3 2


2
4
1 4 2 6
5
5 3 4 6 1

5
1 Alice 1 6666.66 10000
2 Bob 2 11000.11 50055
3 Cindy 3 18888.66 100001.05
4 Dyson 5 32506.6 223556.78
5 Edward 4 26066.88 356780.22
10
3 4 333333
2 2 12111.11
1 3 2
1 4 5
3 5 455555.78
2 1 7668.66
3 3 180001.05
3 3 193222.11
2 3 20000
2 5 28066.88

6 3
201 91 29 13 11 -5
3 1 2 1



2
4 6
1 2
2 3
3 4
2 3
4 2
1 4
3 4
1 2
3 2
1 3
3 1


3
10 10 2
3 7 4
5 4 4
10 10 2
1 1 0
2 2 0
10 10 2
1 1 1
2 2 2

1
10 10 2
1 1 1
2 2 2


4 3
2 4 2
2 3 2
3 4 1

2
4 6
1 2
1 3
1 4
2 3
2 4
3 4
6 8
2 5
5 4
4 3
4 1
1 3
2 3
2 6
5 6

1
4 6
1 2
1 3
1 4
2 3
2 4
3 4


2
6
2 3 5
4 3 4
3 3 3
1 1 1
2 1 4
5 6 7
3
2 3 5
4 3 4
3 3 3

1
3
2 3 5
4 3 4
3 3 3

1
6
2 3 5
4 3 4
3 3 3
1 1 1
2 1 4
5 6 7

1
6
1 1 1 
2 2 2
3 3 3
4 4 4
5 6 5
6 6 6

3
3 3
1 1
1 1
1 1
1 2
1 3
2 3
2 2
1 0
0 2
1 2
1 2
2 1
500000000 0
0 500000000
1 2

1
3 3
1 1
1 1
1 1
1 2
1 3
2 3

1
2 1
500000000 0
0 500000000
1 2


6 6
1 5 6
1 3 4
1 4 4
3 6 1
4 6 1
5 6 1
1 6

5 10
1 5 1
1 2 2
1 3 5
1 4 8
2 3 3
2 4 4
2 5 10
3 4 7
3 5 6
4 5 9
1 4


5 4
1 2 1
1 4 4
1 5 5
1 3 2

3 3
1 2
2 3
3 2

5 6 3 1
1 3 4
1 2 2
3 5 6
2 4 3
3 4 1
4 5 2
2 3
1 4
1 2
1 5

5 6 2 1
1 3 4
1 2 2
3 5 6
2 4 3
3 4 1
4 5 2
2 3
1 2
1 5

5 6 2 2
1 3 4
1 2 2
3 5 6
2 4 3
3 4 1
4 5 2
2 3
1 2
1 5

6
5 0 1 4
0 0 1 5
1 1 1 6
0 1 1 7
3 0 2 10
1 3 2 8